Tests du patron COMPOSITE
=========================

part1   T0: ( 0, 0, 0) | ( 1, 0, 0) | ( 1, 1, 0)
part2   T0: ( 1, 0, 0) | ( 1, 1, 0) | ( 0, 1, 0)
part2   T1: ( 1, 1, 0) | ( 0, 1, 0) | ( 0, 1, 1)
part2   T2: ( 0, 0, 0) | ( 1, 0, 0) | ( 1, 1, 0)
part2   T3: ( 0, 1, 0) | ( 0, 1, 1) | ( 1, 1, 1)
part3   T0: ( 0, 1, 0) | ( 0, 1, 1) | ( 1, 1, 1)
part4   T0: ( 1, 0, 0) | ( 1, 1, 0) | ( 0, 1, 0)
part4   T1: ( 0, 1, 0) | ( 0, 1, 1) | ( 1, 1, 1)

=========================
composit1   COMPOSITE:
composit1      T0: ( 1, 0, 0) | ( 1, 1, 0) | ( 0, 1, 0)
composit1      T1: ( 1, 1, 0) | ( 0, 1, 0) | ( 0, 1, 1)
composit1      T2: ( 0, 0, 0) | ( 1, 0, 0) | ( 1, 1, 0)
composit1      T3: ( 0, 1, 0) | ( 0, 1, 1) | ( 1, 1, 1)
composit1      T0: ( 0, 1, 0) | ( 0, 1, 1) | ( 1, 1, 1)

=========================

composit1Clone   COMPOSITE:
composit1Clone      T0: ( 1, 0, 0) | ( 1, 1, 0) | ( 0, 1, 0)
composit1Clone      T1: ( 1, 1, 0) | ( 0, 1, 0) | ( 0, 1, 1)
composit1Clone      T2: ( 0, 0, 0) | ( 1, 0, 0) | ( 1, 1, 0)
composit1Clone      T3: ( 0, 1, 0) | ( 0, 1, 1) | ( 1, 1, 1)
composit1Clone      T0: ( 0, 1, 0) | ( 0, 1, 1) | ( 1, 1, 1)

=========================

m_objet   COMPOSITE:
m_objet      T0: ( 1, 0, 0) | ( 1, 1, 0) | ( 0, 1, 0)
m_objet      T1: ( 1, 1, 0) | ( 0, 1, 0) | ( 0, 1, 1)
m_objet      T2: ( 0, 0, 0) | ( 1, 0, 0) | ( 1, 1, 0)
m_objet      T3: ( 0, 1, 0) | ( 0, 1, 1) | ( 1, 1, 1)
m_objet      T0: ( 0, 0, 0) | ( 1, 0, 0) | ( 1, 1, 0)
m_objet      COMPOSITE:
m_objet         T0: ( 1, 0, 0) | ( 1, 1, 0) | ( 0, 1, 0)
m_objet         T1: ( 1, 1, 0) | ( 0, 1, 0) | ( 0, 1, 1)
m_objet         T2: ( 0, 0, 0) | ( 1, 0, 0) | ( 1, 1, 0)
m_objet         T3: ( 0, 1, 0) | ( 0, 1, 1) | ( 1, 1, 1)
m_objet         T0: ( 0, 1, 0) | ( 0, 1, 1) | ( 1, 1, 1)
m_objet      COMPOSITE:
m_objet         T0: ( 1, 0, 0) | ( 1, 1, 0) | ( 0, 1, 0)
m_objet         T1: ( 1, 1, 0) | ( 0, 1, 0) | ( 0, 1, 1)
m_objet         T2: ( 0, 0, 0) | ( 1, 0, 0) | ( 1, 1, 0)
m_objet         T3: ( 0, 1, 0) | ( 0, 1, 1) | ( 1, 1, 1)
m_objet         T0: ( 0, 1, 0) | ( 0, 1, 1) | ( 1, 1, 1)
m_objet         COMPOSITE:
m_objet            T0: ( 1, 0, 0) | ( 1, 1, 0) | ( 0, 1, 0)
m_objet            T1: ( 1, 1, 0) | ( 0, 1, 0) | ( 0, 1, 1)
m_objet            T2: ( 0, 0, 0) | ( 1, 0, 0) | ( 1, 1, 0)
m_objet            T3: ( 0, 1, 0) | ( 0, 1, 1) | ( 1, 1, 1)
m_objet            T0: ( 0, 1, 0) | ( 0, 1, 1) | ( 1, 1, 1)
m_objet      T0: ( 1, 0, 0) | ( 1, 1, 0) | ( 0, 1, 0)
m_objet      T1: ( 0, 1, 0) | ( 0, 1, 1) | ( 1, 1, 1)


Tests du patron DECORATOR
=========================

transformPart1   T0: ( 1.5, -0.5, 1) | ( 1.5, 0.5, 1) | ( 0.5, 0.5, 1)
transformPart1   T1: ( 1.5, 0.5, 1) | ( 0.5, 0.5, 1) | ( 0.5, 0.5, 2)
transformPart1   T2: ( 0.5, -0.5, 1) | ( 1.5, -0.5, 1) | ( 1.5, 0.5, 1)
transformPart1   T3: ( 0.5, 0.5, 1) | ( 0.5, 0.5, 2) | ( 1.5, 0.5, 2)
