Tests du VISITEUR OutputVisitor
=========================

   COMPOSITE:
      COMPOSITE:
      TRANSFO [0, 0, 0]
         COMPOSITE:
         T0: ( 0, 0, 0) | ( 1, 1, 0) | ( 1, 0, 0)
         T1: ( 0, 0, 0) | ( 0, 1, 0) | ( 1, 1, 0)
         T0: ( 0, 0, 0) | ( 0, 1, 1) | ( 0, 1, 0)
         T1: ( 0, 0, 0) | ( 0, 0, 1) | ( 0, 1, 1)
         T0: ( 0, 0, 1) | ( 1, 0, 1) | ( 1, 1, 1)
         T1: ( 0, 0, 1) | ( 1, 1, 1) | ( 0, 1, 1)
         T0: ( 1, 0, 1) | ( 1, 0, 0) | ( 1, 1, 0)
         T1: ( 1, 0, 1) | ( 1, 1, 0) | ( 1, 1, 1)
         T0: ( 0, 0, 1) | ( 1, 0, 0) | ( 1, 0, 1)
         T1: ( 0, 0, 1) | ( 0, 0, 0) | ( 1, 0, 0)
         T0: ( 0, 1, 1) | ( 1, 1, 1) | ( 1, 1, 0)
         T1: ( 0, 1, 1) | ( 1, 1, 0) | ( 0, 1, 0)
      COMPOSITE:
      TRANSFO [1, 0, 0]
         COMPOSITE:
         T0: ( 0, 0, 0) | ( 1, 1, 0) | ( 1, 0, 0)
         T1: ( 0, 0, 0) | ( 0, 1, 0) | ( 1, 1, 0)
         T0: ( 0, 0, 0) | ( 0, 1, 1) | ( 0, 1, 0)
         T1: ( 0, 0, 0) | ( 0, 0, 1) | ( 0, 1, 1)
         T0: ( 0, 0, 1) | ( 1, 0, 1) | ( 1, 1, 1)
         T1: ( 0, 0, 1) | ( 1, 1, 1) | ( 0, 1, 1)
         T0: ( 1, 0, 1) | ( 1, 0, 0) | ( 1, 1, 0)
         T1: ( 1, 0, 1) | ( 1, 1, 0) | ( 1, 1, 1)
         T0: ( 0, 0, 1) | ( 1, 0, 0) | ( 1, 0, 1)
         T1: ( 0, 0, 1) | ( 0, 0, 0) | ( 1, 0, 0)
         T0: ( 0, 1, 1) | ( 1, 1, 1) | ( 1, 1, 0)
         T1: ( 0, 1, 1) | ( 1, 1, 0) | ( 0, 1, 0)
      COMPOSITE:
      TRANSFO [0, 1, 0]
         COMPOSITE:
         T0: ( 0, 0, 0) | ( 1, 1, 0) | ( 1, 0, 0)
         T1: ( 0, 0, 0) | ( 0, 1, 0) | ( 1, 1, 0)
         T0: ( 0, 0, 0) | ( 0, 1, 1) | ( 0, 1, 0)
         T1: ( 0, 0, 0) | ( 0, 0, 1) | ( 0, 1, 1)
         T0: ( 0, 0, 1) | ( 1, 0, 1) | ( 1, 1, 1)
         T1: ( 0, 0, 1) | ( 1, 1, 1) | ( 0, 1, 1)
         T0: ( 1, 0, 1) | ( 1, 0, 0) | ( 1, 1, 0)
         T1: ( 1, 0, 1) | ( 1, 1, 0) | ( 1, 1, 1)
         T0: ( 0, 0, 1) | ( 1, 0, 0) | ( 1, 0, 1)
         T1: ( 0, 0, 1) | ( 0, 0, 0) | ( 1, 0, 0)
         T0: ( 0, 1, 1) | ( 1, 1, 1) | ( 1, 1, 0)
         T1: ( 0, 1, 1) | ( 1, 1, 0) | ( 0, 1, 0)
      COMPOSITE:
      TRANSFO [0, 0, 1]
         COMPOSITE:
         T0: ( 0, 0, 0) | ( 1, 1, 0) | ( 1, 0, 0)
         T1: ( 0, 0, 0) | ( 0, 1, 0) | ( 1, 1, 0)
         T0: ( 0, 0, 0) | ( 0, 1, 1) | ( 0, 1, 0)
         T1: ( 0, 0, 0) | ( 0, 0, 1) | ( 0, 1, 1)
         T0: ( 0, 0, 1) | ( 1, 0, 1) | ( 1, 1, 1)
         T1: ( 0, 0, 1) | ( 1, 1, 1) | ( 0, 1, 1)
         T0: ( 1, 0, 1) | ( 1, 0, 0) | ( 1, 1, 0)
         T1: ( 1, 0, 1) | ( 1, 1, 0) | ( 1, 1, 1)
         T0: ( 0, 0, 1) | ( 1, 0, 0) | ( 1, 0, 1)
         T1: ( 0, 0, 1) | ( 0, 0, 0) | ( 1, 0, 0)
         T0: ( 0, 1, 1) | ( 1, 1, 1) | ( 1, 1, 0)
         T1: ( 0, 1, 1) | ( 1, 1, 0) | ( 0, 1, 0)
