Tests du VISITEUR OutputTransformVisitor
=========================

   COMPOSITE:
      COMPOSITE:
         COMPOSITE:
         T0: ( 0, 0, 0) | ( 1, 1, 0) | ( 1, 0, 0)
         T1: ( 0, 0, 0) | ( 0, 1, 0) | ( 1, 1, 0)
         T0: ( 0, 0, 0) | ( 0, 1, 1) | ( 0, 1, 0)
         T1: ( 0, 0, 0) | ( 0, 0, 1) | ( 0, 1, 1)
         T0: ( 0, 0, 1) | ( 1, 0, 1) | ( 1, 1, 1)
         T1: ( 0, 0, 1) | ( 1, 1, 1) | ( 0, 1, 1)
         T0: ( 1, 0, 1) | ( 1, 0, 0) | ( 1, 1, 0)
         T1: ( 1, 0, 1) | ( 1, 1, 0) | ( 1, 1, 1)
         T0: ( 0, 0, 1) | ( 1, 0, 0) | ( 1, 0, 1)
         T1: ( 0, 0, 1) | ( 0, 0, 0) | ( 1, 0, 0)
         T0: ( 0, 1, 1) | ( 1, 1, 1) | ( 1, 1, 0)
         T1: ( 0, 1, 1) | ( 1, 1, 0) | ( 0, 1, 0)
      COMPOSITE:
         COMPOSITE:
         T0: ( 1, 0, 0) | ( 2, 1, 0) | ( 2, 0, 0)
         T1: ( 1, 0, 0) | ( 1, 1, 0) | ( 2, 1, 0)
         T0: ( 1, 0, 0) | ( 1, 1, 1) | ( 1, 1, 0)
         T1: ( 1, 0, 0) | ( 1, 0, 1) | ( 1, 1, 1)
         T0: ( 1, 0, 1) | ( 2, 0, 1) | ( 2, 1, 1)
         T1: ( 1, 0, 1) | ( 2, 1, 1) | ( 1, 1, 1)
         T0: ( 2, 0, 1) | ( 2, 0, 0) | ( 2, 1, 0)
         T1: ( 2, 0, 1) | ( 2, 1, 0) | ( 2, 1, 1)
         T0: ( 1, 0, 1) | ( 2, 0, 0) | ( 2, 0, 1)
         T1: ( 1, 0, 1) | ( 1, 0, 0) | ( 2, 0, 0)
         T0: ( 1, 1, 1) | ( 2, 1, 1) | ( 2, 1, 0)
         T1: ( 1, 1, 1) | ( 2, 1, 0) | ( 1, 1, 0)
      COMPOSITE:
         COMPOSITE:
         T0: ( 0, 1, 0) | ( 1, 2, 0) | ( 1, 1, 0)
         T1: ( 0, 1, 0) | ( 0, 2, 0) | ( 1, 2, 0)
         T0: ( 0, 1, 0) | ( 0, 2, 1) | ( 0, 2, 0)
         T1: ( 0, 1, 0) | ( 0, 1, 1) | ( 0, 2, 1)
         T0: ( 0, 1, 1) | ( 1, 1, 1) | ( 1, 2, 1)
         T1: ( 0, 1, 1) | ( 1, 2, 1) | ( 0, 2, 1)
         T0: ( 1, 1, 1) | ( 1, 1, 0) | ( 1, 2, 0)
         T1: ( 1, 1, 1) | ( 1, 2, 0) | ( 1, 2, 1)
         T0: ( 0, 1, 1) | ( 1, 1, 0) | ( 1, 1, 1)
         T1: ( 0, 1, 1) | ( 0, 1, 0) | ( 1, 1, 0)
         T0: ( 0, 2, 1) | ( 1, 2, 1) | ( 1, 2, 0)
         T1: ( 0, 2, 1) | ( 1, 2, 0) | ( 0, 2, 0)
      COMPOSITE:
         COMPOSITE:
         T0: ( 0, 0, 1) | ( 1, 1, 1) | ( 1, 0, 1)
         T1: ( 0, 0, 1) | ( 0, 1, 1) | ( 1, 1, 1)
         T0: ( 0, 0, 1) | ( 0, 1, 2) | ( 0, 1, 1)
         T1: ( 0, 0, 1) | ( 0, 0, 2) | ( 0, 1, 2)
         T0: ( 0, 0, 2) | ( 1, 0, 2) | ( 1, 1, 2)
         T1: ( 0, 0, 2) | ( 1, 1, 2) | ( 0, 1, 2)
         T0: ( 1, 0, 2) | ( 1, 0, 1) | ( 1, 1, 1)
         T1: ( 1, 0, 2) | ( 1, 1, 1) | ( 1, 1, 2)
         T0: ( 0, 0, 2) | ( 1, 0, 1) | ( 1, 0, 2)
         T1: ( 0, 0, 2) | ( 0, 0, 1) | ( 1, 0, 1)
         T0: ( 0, 1, 2) | ( 1, 1, 2) | ( 1, 1, 1)
         T1: ( 0, 1, 2) | ( 1, 1, 1) | ( 0, 1, 1)
